L -109.8024, -510.4343, 3.7509,  -110.4331, -508.5124, 3.7509,  150, 100, 0
L -103.1449, -525.2613, 3.7509,  -109.8024, -510.4343, 3.7509,  150, 100, 0
L -113.1953, -1386.1973, 3.7509,  -113.9321, -1393.8539, 3.7509,  150, 100, 0
L -109.3472, -1363.1515, 3.7509,  -113.1953, -1386.1973, 3.7509,  150, 100, 0
L -107.4544, -1344.8910, 3.7509,  -109.3472, -1363.1515, 3.7509,  150, 100, 0
L -105.7210, -1336.6084, 3.7509,  -107.4544, -1344.8910, 3.7509,  150, 100, 0
L -106.2734, -1308.1664, 3.7509,  -105.7210, -1336.6084, 3.7509,  150, 100, 0
L -104.1773, -1295.7332, 3.7509,  -106.2734, -1308.1664, 3.7509,  150, 100, 0
L -109.8160, -1274.5889, 3.7509,  -104.1773, -1295.7332, 3.7509,  150, 100, 0
L -115.8876, -1257.1144, 3.7509,  -109.8160, -1274.5889, 3.7509,  150, 100, 0
L -114.7514, -1239.1399, 3.7509,  -115.8876, -1257.1144, 3.7509,  150, 100, 0
L -113.7423, -1230.3665, 3.7509,  -114.7514, -1239.1399, 3.7509,  150, 100, 0
L -114.9329, -1219.6498, 3.7509,  -113.7423, -1230.3665, 3.7509,  150, 100, 0
L -114.2552, -1183.2454, 3.7509,  -114.9329, -1219.6498, 3.7509,  150, 100, 0
L -1099.1875, -1079.9695, 0.6260,  -1099.1868, -1384.6575, 0.6260,  64, 64, 64
L 1099.1874, -864.4664, 0.6260,  1099.1852, -1391.9684, 0.6260,  64, 64, 64
L -57.5938, -238.5432, 1.6259,  -48.3438, -238.5433, 1.6259,  100, 50, 0
L -112.2866, -196.1476, 0.6260,  -112.3436, -195.5433, -0.3740,  64, 64, 64
L -84.1240, -196.2812, 0.6260,  -112.2866, -196.1476, 0.6260,  64, 64, 64
L -70.1881, -210.2102, 0.6260,  -84.1240, -196.2812, 0.6260,  64, 64, 64
L -28.1553, -210.2812, 0.6260,  -70.1881, -210.2102, 0.6260,  64, 64, 64
L -14.9053, -223.5312, 0.6260,  -28.1553, -210.2812, 0.6260,  64, 64, 64
L -84.3044, -223.7261, 0.6260,  -14.9053, -223.5312, 0.6260,  64, 64, 64
L -84.3436, -237.5312, 0.6260,  -84.3044, -223.7261, 0.6260,  64, 64, 64
L -86.1928, -237.6056, 0.6260,  -84.3436, -237.5312, 0.6260,  64, 64, 64
L -86.2935, -240.9360, 0.6260,  -86.1928, -237.6056, 0.6260,  64, 64, 64
L -81.6734, -240.1373, 0.6260,  -86.2935, -240.9360, 0.6260,  64, 64, 64
L -81.5938, -226.2811, 0.6260,  -81.6734, -240.1373, 0.6260,  64, 64, 64
L -26.3750, -226.2812, 0.6260,  -81.5938, -226.2811, 0.6260,  64, 64, 64
L -26.8930, -228.2716, 0.6260,  -26.3750, -226.2812, 0.6260,  64, 64, 64
L -16.3750, -228.2812, 0.6260,  -26.8930, -228.2716, 0.6260,  64, 64, 64
L -16.3750, -277.5000, 0.6260,  -16.3750, -228.2812, 0.6260,  64, 64, 64
L -26.3603, -277.7715, 0.6260,  -16.3750, -277.5000, 0.6260,  64, 64, 64
L -26.3750, -279.5000, 0.6260,  -26.3603, -277.7715, 0.6260,  64, 64, 64
L -45.5938, -279.5000, 0.6260,  -26.3750, -279.5000, 0.6260,  64, 64, 64
L -45.6398, -235.6559, 0.6260,  -45.5938, -279.5000, 0.6260,  64, 64, 64
L -48.3393, -235.8413, 0.6260,  -45.6398, -235.6559, 0.6260,  64, 64, 64
L -48.3438, -237.5433, 0.6260,  -48.3393, -235.8413, 0.6260,  64, 64, 64
L -57.5938, -237.5433, 0.6260,  -48.3438, -237.5433, 0.6260,  100, 50, 0
L -57.7100, -235.5763, 0.6260,  -57.5938, -237.5433, 0.6260,  64, 64, 64
L -60.3877, -235.5330, 0.6260,  -57.7100, -235.5763, 0.6260,  64, 64, 64
L -60.6100, -263.8686, 0.6350,  -60.3877, -235.5330, 0.6260,  64, 64, 64
L -81.5938, -263.5312, 0.6260,  -60.6100, -263.8686, 0.6350,  64, 64, 64
L -81.6860, -249.6596, 0.6260,  -81.5938, -263.5312, 0.6260,  64, 64, 64
L -86.1761, -249.5937, 0.6260,  -81.6860, -249.6596, 0.6260,  64, 64, 64
L -86.3438, -251.5312, 0.6260,  -86.1761, -249.5937, 0.6260,  64, 64, 64
L -109.1774, -251.5946, 0.6260,  -86.3438, -251.5312, 0.6260,  64, 64, 64
L -113.3106, -255.7521, 0.6260,  -109.1774, -251.5946, 0.6260,  64, 64, 64
L -113.3402, -261.9522, 0.6260,  -113.3106, -255.7521, 0.6260,  64, 64, 64
L -109.1676, -266.2241, 0.6260,  -113.3402, -261.9522, 0.6260,  64, 64, 64
L -84.6200, -265.9436, 0.6350,  -109.1676, -266.2241, 0.6260,  64, 64, 64
L -84.3436, -305.5000, 0.6260,  -84.6200, -265.9436, 0.6350,  64, 64, 64
L -109.3310, -305.7780, 0.6260,  -84.3436, -305.5000, 0.6260,  64, 64, 64
L -109.4430, -308.2432, 0.6260,  -109.3310, -305.7780, 0.6260,  64, 64, 64
L -84.3436, -308.2500, 0.6260,  -109.4430, -308.2432, 0.6260,  64, 64, 64
L -83.9111, -308.2500, 2.6259,  -84.3436, -308.2500, 0.6260,  64, 64, 64
L -82.1847, -308.2500, 2.6259,  -83.9111, -308.2500, 2.6259,  64, 64, 64
L -81.5938, -308.2497, 0.6260,  -82.1847, -308.2500, 2.6259,  64, 64, 64
L -28.3750, -308.2500, 0.6260,  -81.5938, -308.2497, 0.6260,  64, 64, 64
L -25.7173, -322.1883, -0.3740,  -83.6067, -322.2497, -0.3710,  64, 64, 64
L -25.6250, -282.1924, -0.3740,  -25.7173, -322.1883, -0.3740,  64, 64, 64
L -14.3750, -280.3176, -0.3740,  -25.6250, -282.1924, -0.3740,  64, 64, 64
L 168.1051, -308.2980, 2.6259,  153.7831, -308.4180, 2.6259,  0, 0, 255
L 168.2494, -293.6460, 2.6259,  168.1051, -308.2980, 2.6259,  0, 0, 255
L 153.8088, -293.5493, 2.6259,  168.2494, -293.6460, 2.6259,  0, 0, 255
L 153.9536, -307.4997, 2.6252,  153.8088, -293.5493, 2.6259,  0, 0, 255
L 170.3086, -309.9282, 0.6260,  169.9334, -310.2500, 0.6260,  64, 64, 64
L 170.3100, -291.8321, 0.6260,  170.3086, -309.9282, 0.6260,  64, 64, 64
L 169.8426, -291.5000, 0.6260,  170.3100, -291.8321, 0.6260,  64, 64, 64
L 151.5883, -291.7330, 0.6260,  169.8426, -291.5000, 0.6260,  64, 64, 64
L 151.6247, -310.8210, 0.6260,  151.5883, -291.7330, 0.6260,  64, 64, 64
L 167.7317, -310.2500, 0.6260,  151.6247, -310.8210, 0.6260,  64, 64, 64
L 154.3043, -321.7975, 0.6260,  154.3121, -335.8888, 0.6260,  64, 64, 64
L 140.3125, -307.7196, 0.6260,  154.3043, -321.7975, 0.6260,  64, 64, 64
L 140.3125, -294.3030, 0.6260,  140.3125, -307.7196, 0.6260,  64, 64, 64
L 154.9280, -280.2500, 0.6260,  140.3125, -294.3030, 0.6260,  64, 64, 64
L 167.7821, -280.2500, 0.6260,  154.9280, -280.2500, 0.6260,  64, 64, 64
L 181.5625, -294.3030, 0.6260,  167.7821, -280.2500, 0.6260,  64, 64, 64
L 181.5625, -307.7196, 0.6260,  181.5625, -294.3030, 0.6260,  64, 64, 64
L 167.5625, -321.8745, 0.6260,  181.5625, -307.7196, 0.6260,  64, 64, 64
L 167.5625, -335.8690, 0.6260,  167.5625, -321.8745, 0.6260,  64, 64, 64
L 499.4375, -147.3122, 0.6260,  499.4375, -275.7653, 0.6260,  64, 64, 64
L 210.2812, -147.3125, 0.6260,  499.4375, -147.3122, 0.6260,  64, 64, 64
L 210.2812, -321.8684, 0.6260,  210.2812, -147.3125, 0.6260,  64, 64, 64
L 196.1713, -336.1403, 0.6260,  210.2812, -321.8684, 0.6260,  64, 64, 64
L 140.9280, -336.2500, 0.6260,  196.1713, -336.1403, 0.6260,  64, 64, 64
L 126.3125, -350.3030, 0.6260,  140.9280, -336.2500, 0.6260,  64, 64, 64
L 126.3125, -377.6884, 0.6260,  126.3125, -350.3030, 0.6260,  64, 64, 64
L 140.2310, -391.6104, 0.6260,  126.3125, -377.6884, 0.6260,  64, 64, 64
L 140.3109, -405.8783, 0.6260,  140.2310, -391.6104, 0.6260,  64, 64, 64
L 126.2824, -420.2910, 0.6260,  140.3109, -405.8783, 0.6260,  64, 64, 64
L 111.8105, -420.1836, 0.6260,  126.2824, -420.2910, 0.6260,  64, 64, 64
L 97.8134, -406.2187, 0.6260,  111.8105, -420.1836, 0.6260,  64, 64, 64
L -0.1637, -406.1811, 0.6260,  97.8134, -406.2187, 0.6260,  64, 64, 64
L -14.2300, -392.1440, 0.6260,  -0.1637, -406.1811, 0.6260,  64, 64, 64
L -14.3750, -391.4809, -0.3740,  -14.2300, -392.1440, 0.6260,  64, 64, 64
L -14.3750, -280.3177, -0.3740,  -14.3750, -391.4809, -0.3740,  64, 64, 64
L -28.3750, -319.5000, 0.6260,  -28.3750, -308.2500, 0.6260,  0, 127, 0
L -81.5938, -319.5000, 0.6260,  -28.3750, -319.5000, 0.6260,  0, 127, 0
L -81.5938, -308.2497, 0.6260,  -81.5938, -319.5000, 0.6260,  0, 127, 0
L -209.5312, -319.5000, 0.6260,  -209.5312, -308.2497, 0.6260,  0, 127, 0
L -156.3122, -319.5000, 0.6260,  -209.5312, -319.5000, 0.6260,  0, 127, 0
L -156.3125, -308.2499, 0.6260,  -156.3122, -319.5000, 0.6260,  0, 127, 0
L -212.1199, -322.1831, -0.3740,  -154.3002, -322.2500, -0.3739,  64, 64, 64
L -212.2809, -321.8904, -0.3740,  -212.1199, -322.1831, -0.3740,  64, 64, 64
L -212.2812, -282.1926, -0.3740,  -212.2809, -321.8904, -0.3740,  64, 64, 64
L -699.3437, -161.3120, 0.6260,  -699.3437, -266.7380, 0.6260,  64, 64, 64
L -461.9678, -161.3125, 0.6260,  -699.3437, -161.3120, 0.6260,  64, 64, 64
L -441.1517, -182.1285, 0.6260,  -461.9678, -161.3125, 0.6260,  64, 64, 64
L -434.1875, -209.9523, 0.6260,  -441.1517, -182.1285, 0.6260,  64, 64, 64
L -434.1875, -377.6884, 0.6260,  -434.1875, -209.9523, 0.6260,  64, 64, 64
L -448.1795, -391.7527, 0.6260,  -434.1875, -377.6884, 0.6260,  64, 64, 64
L -448.1412, -406.2420, 0.6260,  -448.1795, -391.7527, 0.6260,  64, 64, 64
L -433.6768, -420.2187, 0.6260,  -448.1412, -406.2420, 0.6260,  64, 64, 64
L -419.6487, -420.1641, 0.6260,  -433.6768, -420.2187, 0.6260,  64, 64, 64
L -405.6884, -406.2187, 0.6260,  -419.6487, -420.1641, 0.6260,  64, 64, 64
L -237.6535, -406.1207, 0.6260,  -405.6884, -406.2187, 0.6260,  64, 64, 64
L -223.6560, -392.1238, 0.6260,  -237.6535, -406.1207, 0.6260,  64, 64, 64
L -223.5312, -391.4809, -0.3740,  -223.6560, -392.1238, 0.6260,  64, 64, 64
L -223.5312, -280.3172, -0.3740,  -223.5312, -391.4809, -0.3740,  64, 64, 64
L -212.2812, -282.1927, -0.3740,  -223.5312, -280.3172, -0.3740,  64, 64, 64
L -211.6265, -282.2500, 2.6259,  -212.2812, -282.1927, -0.3740,  64, 64, 64
L -210.2812, -282.2500, 2.6259,  -211.6265, -282.2500, 2.6259,  64, 64, 64
L -210.2516, -308.2164, 2.6259,  -210.2812, -282.2500, 2.6259,  64, 64, 64
L -209.5312, -308.2497, 0.6260,  -210.2516, -308.2164, 2.6259,  64, 64, 64
L -156.3125, -308.2500, 0.6260,  -209.5312, -308.2497, 0.6260,  64, 64, 64
L -155.7621, -308.2500, 2.6259,  -156.3125, -308.2500, 0.6260,  64, 64, 64
L -153.9735, -308.2500, 2.6259,  -155.7621, -308.2500, 2.6259,  64, 64, 64
L -153.5625, -308.2495, 0.6260,  -153.9735, -308.2500, 2.6259,  64, 64, 64
L -128.5640, -307.9098, 0.6260,  -153.5625, -308.2495, 0.6260,  64, 64, 64
L -128.6845, -305.5980, 0.6260,  -128.5640, -307.9098, 0.6260,  64, 64, 64
L -153.9000, -305.8374, 0.6350,  -128.7435, -305.5539, 0.6260,  64, 64, 64
L -153.5625, -266.2805, 0.6260,  -153.9000, -305.8374, 0.6350,  64, 64, 64
L -128.9576, -266.2812, 0.6260,  -153.5625, -266.2805, 0.6260,  64, 64, 64
L -124.5675, -261.9680, 0.6260,  -128.9576, -266.2812, 0.6260,  64, 64, 64
L -124.5878, -255.7707, 0.6260,  -124.5675, -261.9680, 0.6260,  64, 64, 64
L -128.7682, -251.5715, 0.6260,  -124.5878, -255.7707, 0.6260,  64, 64, 64
L -151.5625, -251.5312, 0.6260,  -128.7682, -251.5715, 0.6260,  64, 64, 64
L -151.5625, -250.7150, 0.6260,  -151.5625, -251.5312, 0.6260,  64, 64, 64
L -151.7894, -249.5617, 0.6260,  -151.5625, -250.7150, 0.6260,  64, 64, 64
L -155.9299, -249.5312, 0.6260,  -151.7894, -249.5617, 0.6260,  64, 64, 64
L -156.2826, -249.7595, 0.6260,  -155.9299, -249.5312, 0.6260,  64, 64, 64
L -156.3125, -251.5312, 0.6260,  -156.2826, -249.7595, 0.6260,  64, 64, 64
L -162.2581, -251.7117, 0.6260,  -156.3125, -251.5312, 0.6260,  64, 64, 64
L -162.1898, -254.1836, 0.6260,  -162.2581, -251.7117, 0.6260,  64, 64, 64
L -162.1420, -254.2733, 0.6260,  -162.1898, -254.1836, 0.6260,  64, 64, 64
L -156.3125, -254.2812, 0.6260,  -162.1420, -254.2733, 0.6260,  64, 64, 64
L -156.3125, -277.5000, 0.6260,  -156.3125, -254.2812, 0.6260,  64, 64, 64
L -191.9000, -277.8374, 0.6350,  -156.3125, -277.5000, 0.6260,  64, 64, 64
L -191.5625, -254.2809, 0.6260,  -191.9000, -277.8374, 0.6350,  64, 64, 64
L -171.5925, -254.5320, 0.6260,  -191.5625, -254.2809, 0.6260,  64, 64, 64
L -171.8685, -251.5375, 0.6260,  -171.5925, -254.5320, 0.6260,  64, 64, 64
L -194.2456, -251.6382, 0.6260,  -171.8685, -251.5375, 0.6260,  64, 64, 64
L -193.9749, -277.8374, 0.6350,  -194.2456, -251.6382, 0.6260,  64, 64, 64
L -221.8686, -277.8374, 0.6350,  -193.9749, -277.8374, 0.6350,  64, 64, 64
L -221.8686, -225.9435, 0.6350,  -221.8686, -277.8374, 0.6350,  64, 64, 64
L -156.3125, -226.2812, 0.6260,  -221.8686, -225.9435, 0.6350,  64, 64, 64
L -156.7640, -240.2546, 0.6260,  -156.3125, -226.2812, 0.6260,  64, 64, 64
L -151.7144, -240.2076, 0.6260,  -156.7640, -240.2546, 0.6260,  64, 64, 64
L -151.7480, -237.5825, 0.6260,  -151.7144, -240.2076, 0.6260,  64, 64, 64
L -153.5625, -237.5312, 0.6260,  -151.7480, -237.5825, 0.6260,  64, 64, 64
L -153.7761, -223.5677, 0.6260,  -153.5625, -237.5312, 0.6260,  64, 64, 64
L -223.9000, -223.5312, 0.6260,  -153.7761, -223.5677, 0.6260,  64, 64, 64
L -209.7509, -210.2812, 0.6260,  -223.9000, -223.5312, 0.6260,  64, 64, 64
L -167.7384, -210.2239, 0.6260,  -209.7509, -210.2812, 0.6260,  64, 64, 64
L -153.7821, -196.2812, 0.6260,  -167.7384, -210.2239, 0.6260,  64, 64, 64
L -125.8975, -196.2790, 0.6260,  -153.7821, -196.2812, 0.6260,  64, 64, 64
L -125.5625, -195.5440, -0.3740,  -125.8975, -196.2790, 0.6260,  64, 64, 64
L -126.2706, -224.7840, -32.3740,  -125.8913, -224.2812, -32.3740,  64, 64, 64
L -97.9334, -181.5625, -41.3427,  -98.3320, -181.8446, -41.3427,  64, 64, 64
L -139.6012, -203.7401, -32.3740,  -139.7110, -203.6073, -32.3740,  64, 64, 64
L -48.2286, -235.7986, 0.4698,  -48.2500, -237.4239, 0.4698,  64, 64, 64
L -48.2500, -237.4239, 0.4698,  -48.3436, -238.5433, 1.6259,  64, 64, 64
L -48.3436, -238.5433, 1.6259,  -48.3434, -265.5434, 28.6260,  64, 64, 64
L -48.3434, -265.5434, 28.6260,  -48.3438, -266.1740, 29.6260,  64, 64, 64
L -48.3438, -266.1740, 29.6260,  -48.3436, -275.5000, 29.6260,  64, 64, 64
L -48.3436, -275.5000, 29.6260,  -57.6058, -275.4997, 29.6260,  64, 64, 64
L -57.6058, -275.4997, 29.6260,  -71.6063, -275.5000, 43.5966,  64, 64, 64
L -71.6063, -275.5000, 43.5966,  -72.9510, -275.2980, 44.5947,  64, 64, 64
L -72.9510, -275.2980, 44.5947,  -72.3438, -276.3100, 44.5947,  64, 64, 64
L -72.3438, -276.3100, 44.5947,  -72.2916, -282.2572, 44.5947,  64, 64, 64
L -72.2916, -282.2572, 44.5947,  -28.3750, -282.1342, 44.5947,  64, 64, 64
L -28.3750, -282.1342, 44.5947,  -28.3750, -319.5000, 44.5947,  64, 64, 64
L -28.3750, -319.5000, 44.5947,  -81.5938, -319.5000, 44.5947,  64, 64, 64
L -81.5938, -319.5000, 44.5947,  -81.5939, -307.8632, 44.5947,  64, 64, 64
L -81.5939, -307.8632, 44.5947,  -81.6431, -307.6888, 44.5947,  64, 64, 64
L -81.6431, -307.6888, 44.5947,  -83.6976, -305.6157, 44.5947,  64, 64, 64
L -83.6976, -305.6157, 44.5947,  -84.3730, -305.5000, 44.5947,  64, 64, 64
L -84.3730, -305.5000, 44.5947,  -100.9778, -305.5000, 44.5947,  64, 64, 64
L -100.9778, -305.5000, 44.5947,  -101.3855, -305.9877, 44.5947,  64, 64, 64
L -101.3855, -305.9877, 44.5947,  -101.3436, -307.5000, 44.5947,  64, 64, 64
L -101.3436, -307.5000, 44.5947,  -136.5625, -307.5000, 44.5947,  64, 64, 64
L -136.5625, -307.5000, 44.5947,  -136.5937, -305.7250, 44.5947,  64, 64, 64
L -136.5937, -305.7250, 44.5947,  -136.7419, -305.5548, 44.5947,  64, 64, 64
L -136.7419, -305.5548, 44.5947,  -153.8686, -305.5000, 44.5947,  64, 64, 64
L -153.8686, -305.5000, 44.5947,  -156.1638, -307.5708, 44.5947,  64, 64, 64
L -156.1638, -307.5708, 44.5947,  -156.3122, -319.5000, 44.5947,  64, 64, 64
L -156.3122, -319.5000, 44.5947,  -209.5312, -319.5000, 44.5947,  64, 64, 64
L -209.5312, -319.5000, 44.5947,  -209.5312, -282.2500, 44.5947,  64, 64, 64
L -209.5312, -282.2500, 44.5947,  -165.8087, -282.2271, 44.5947,  64, 64, 64
L -165.8087, -282.2271, 44.5947,  -165.5948, -282.2760, 44.5947,  64, 64, 64
L -165.5948, -282.2760, 44.5947,  -165.6384, -277.6485, 44.5947,  64, 64, 64
L -165.6384, -277.6485, 44.5947,  -166.4940, -277.5000, 44.5947,  64, 64, 64
L -166.4940, -277.5000, 44.5947,  -221.5312, -277.5000, 44.5947,  64, 64, 64
L -221.5312, -277.5000, 44.5947,  -221.5312, -268.2812, 44.5947,  64, 64, 64
L -221.5312, -268.2812, 44.5947,  -213.6502, -268.1804, 44.5947,  64, 64, 64
L -213.6502, -268.1804, 44.5947,  -213.7145, -265.5839, 44.5947,  64, 64, 64
L -213.7145, -265.5839, 44.5947,  -221.5312, -265.5312, 44.5947,  64, 64, 64
L -221.5312, -265.5312, 44.5947,  -221.5312, -226.2812, 44.5947,  64, 64, 64
L -221.5312, -226.2812, 44.5947,  -200.2812, -226.2812, 44.5947,  64, 64, 64
L -200.2812, -226.2812, 44.5947,  -200.2809, -265.5312, 44.5947,  64, 64, 64
L -200.2809, -265.5312, 44.5947,  -204.2640, -265.6696, 44.5947,  64, 64, 64
L -204.2640, -265.6696, 44.5947,  -204.2771, -267.9674, 44.5947,  64, 64, 64
L -204.2771, -267.9674, 44.5947,  -204.2058, -268.1317, 44.5947,  64, 64, 64
L -204.2058, -268.1317, 44.5947,  -203.8153, -268.2706, 44.5947,  64, 64, 64
L -203.8153, -268.2706, 44.5947,  -193.3084, -268.1349, 44.5947,  64, 64, 64
L -193.3084, -268.1349, 44.5947,  -193.6959, -265.6193, 44.5947,  64, 64, 64
L -193.6959, -265.6193, 44.5947,  -197.5312, -265.5312, 44.5947,  64, 64, 64
L -197.5312, -265.5312, 44.5947,  -197.5312, -226.2812, 44.5947,  64, 64, 64
L -197.5312, -226.2812, 44.5947,  -156.3125, -226.2812, 44.5947,  64, 64, 64
L -156.3125, -226.2812, 44.5947,  -156.2498, -265.5312, 44.5947,  64, 64, 64
L -156.2498, -265.5312, 44.5947,  -184.2360, -265.5412, 44.5947,  64, 64, 64
L -184.2360, -265.5412, 44.5947,  -184.2270, -265.6677, 44.5947,  64, 64, 64
L -184.2270, -265.6677, 44.5947,  -184.2276, -268.2438, 44.5947,  64, 64, 64
L -184.2276, -268.2438, 44.5947,  -156.3125, -268.2812, 44.5947,  64, 64, 64
L -156.3125, -268.2812, 44.5947,  -156.2444, -282.9050, 44.5947,  64, 64, 64
L -156.2444, -282.9050, 44.5947,  -155.3462, -282.2500, 44.5947,  64, 64, 64
L -155.3462, -282.2500, 44.5947,  -81.5656, -282.1209, 44.5947,  64, 64, 64
L -81.5656, -282.1209, 44.5947,  -81.5938, -266.2812, 44.5947,  64, 64, 64
L -81.5938, -266.2812, 44.5947,  -72.5198, -266.2812, 44.5947,  64, 64, 64
L -72.5198, -266.2812, 44.5947,  -57.6058, -266.2285, 29.6260,  64, 64, 64
L -57.6058, -266.2285, 29.6260,  -57.5938, -237.5433, 0.6260,  64, 64, 64
L -57.5938, -237.5433, 0.6260,  -57.6826, -235.6638, 0.6260,  64, 64, 64
L -48.3436, -239.5433, 2.6259,  -57.6875, -239.6250, 2.4697,  100, 50, 0
L -48.2500, -240.6250, 3.4697,  -57.6875, -240.6250, 3.4697,  100, 50, 0
L -48.2500, -241.6250, 4.4696,  -57.6875, -241.6250, 4.4696,  100, 50, 0
L -48.2500, -242.6250, 5.4696,  -57.6875, -242.6250, 5.4696,  100, 50, 0
L -48.2500, -243.6250, 6.4696,  -57.6875, -243.6250, 6.4696,  100, 50, 0
L -48.2500, -244.6250, 7.4696,  -57.6875, -244.6250, 7.4696,  100, 50, 0
L -48.2500, -245.6250, 8.4696,  -57.6875, -245.6250, 8.4696,  100, 50, 0
L -48.2500, -246.6250, 9.4696,  -57.6875, -246.6250, 9.4696,  100, 50, 0
L -48.2500, -247.6250, 10.4696,  -57.6875, -247.6250, 10.4696,  100, 50, 0
L -48.2500, -248.6250, 11.4696,  -57.6875, -248.6250, 11.4696,  100, 50, 0
L -48.2500, -249.6250, 12.4696,  -57.6875, -249.6250, 12.4696,  100, 50, 0
L -48.2500, -250.6250, 13.4696,  -57.6875, -250.6250, 13.4696,  100, 50, 0
L -48.2500, -251.6250, 14.4696,  -57.6875, -251.6250, 14.4696,  100, 50, 0
L -48.2500, -252.6250, 15.4696,  -57.6875, -252.6250, 15.4696,  100, 50, 0
L -48.2500, -253.6250, 16.4696,  -57.6875, -253.6250, 16.4696,  100, 50, 0
L -48.2500, -254.6250, 17.4696,  -57.6875, -254.6250, 17.4696,  100, 50, 0
L -48.2500, -255.6250, 18.4696,  -57.6875, -255.6250, 18.4696,  100, 50, 0
L -48.2500, -256.6250, 19.4696,  -57.6875, -256.6250, 19.4696,  100, 50, 0
L -48.2500, -257.6250, 20.4696,  -57.6875, -257.6250, 20.4696,  100, 50, 0
L -48.2500, -258.6250, 21.4696,  -57.6875, -258.6250, 21.4696,  100, 50, 0
L -48.2500, -259.6250, 22.4696,  -57.6875, -259.6250, 22.4696,  100, 50, 0
L -48.2500, -260.6250, 23.4696,  -57.6875, -260.6250, 23.4696,  100, 50, 0
L -48.2500, -261.6250, 24.4696,  -57.6875, -261.6250, 24.4696,  100, 50, 0
L -48.2500, -262.6250, 25.4696,  -57.6875, -262.6250, 25.4696,  100, 50, 0
L -48.2500, -263.6250, 26.4696,  -57.6875, -263.6250, 26.4696,  100, 50, 0
L -48.2500, -264.6250, 27.4696,  -57.6875, -264.6250, 27.4696,  100, 50, 0
L -48.2500, -265.6250, 28.4696,  -57.6875, -265.6250, 28.4696,  100, 50, 0
L -57.6875, -275.5937, 29.4696,  -57.6875, -266.2058, 29.4696,  100, 50, 0
L -58.6875, -275.5937, 30.4696,  -58.6875, -266.1875, 30.4696,  100, 50, 0
L -59.6875, -275.5937, 31.4696,  -59.6875, -266.1875, 31.4696,  100, 50, 0
L -60.6875, -275.5937, 32.4697,  -60.6875, -266.1875, 32.4697,  100, 50, 0
L -61.6875, -275.5937, 33.4697,  -61.6875, -266.1875, 33.4697,  100, 50, 0
L -62.6875, -275.5937, 34.4697,  -62.6875, -266.1875, 34.4697,  100, 50, 0
L -63.6875, -275.5937, 35.4697,  -63.6875, -266.1875, 35.4697,  100, 50, 0
L -64.6875, -275.5937, 36.4697,  -64.6875, -266.1875, 36.4697,  100, 50, 0
L -65.6875, -275.5937, 37.4697,  -65.6875, -266.1875, 37.4697,  100, 50, 0
L -66.6875, -275.5937, 38.4697,  -66.6875, -266.1875, 38.4697,  100, 50, 0
L -67.6875, -275.5937, 39.4697,  -67.6875, -266.1875, 39.4697,  100, 50, 0
L -68.6875, -275.5937, 40.4384,  -68.6875, -266.1875, 40.4384,  100, 50, 0
L -69.6875, -275.5937, 41.4384,  -69.6875, -266.1875, 41.4384,  100, 50, 0
L -70.6875, -275.5937, 42.4384,  -70.6875, -266.1875, 42.4384,  100, 50, 0
L -71.6875, -275.5937, 43.4384,  -71.6875, -266.1875, 43.4384,  100, 50, 0
L -153.5625, -308.2497, 0.6260,  -153.5625, -321.6469, 0.6260,  64, 64, 64
L -153.5625, -320.1370, 0.6260,  -153.8215, -322.2316, 0.6260,  64, 64, 64
L -84.3436, -308.2500, 0.6260,  -84.3435, -321.8860, 0.6260,  64, 64, 64
L -84.3435, -321.8860, 0.6260,  -83.9124, -322.2477, 0.6155,  64, 64, 64
L -94.5092, -401.7708, 0.6260,  -98.8688, -425.3179, 0.6260,  150, 100, 0
L -98.8688, -425.3179, 0.6260,  -102.9574, -428.9467, 0.6260,  150, 100, 0
L -102.9574, -428.9467, 0.6260,  -102.9574, -428.9467, 3.1259,  150, 100, 0
L -102.9574, -428.9467, 3.1259,  -104.9682, -435.3652, 3.1259,  150, 100, 0
L -104.9682, -435.3652, 3.1259,  -102.7937, -455.3080, 3.1259,  150, 100, 0
L -102.7937, -455.3080, 3.1259,  -111.9034, -459.2248, 3.1259,  150, 100, 0
L -111.9034, -459.2248, 3.1259,  -113.3029, -471.6179, 3.1259,  150, 100, 0
L -113.3029, -471.6179, 3.1259,  -107.4852, -480.8045, 3.1259,  150, 100, 0
L -107.4852, -480.8045, 3.1259,  -105.3914, -493.1976, 3.1259,  150, 100, 0
L -105.3914, -493.1976, 3.1259,  -110.1701, -497.5335, 3.1259,  150, 100, 0
L -110.1701, -497.5335, 3.1259,  -110.4331, -508.5124, 3.1259,  150, 100, 0
L -49.3464, -1159.7378, 3.1259,  -46.9909, -1170.7842, 3.1259,  150, 100, 0
L -46.9909, -1170.7842, 3.1259,  -45.2986, -1175.7145, 3.1259,  150, 100, 0
L -45.2986, -1175.7145, 3.1259,  -44.9525, -1179.8102, 3.1259,  150, 100, 0
L -44.9525, -1179.8102, 3.1259,  -47.7252, -1181.3091, 3.1259,  150, 100, 0
L -47.7252, -1181.3091, 3.1259,  -51.2783, -1181.7941, 3.1259,  150, 100, 0
L -51.2783, -1181.7941, 3.1259,  -59.3577, -1183.8169, 3.1259,  150, 100, 0
L -59.3577, -1183.8169, 3.1259,  -59.7770, -1184.8445, 3.1259,  150, 100, 0
L -59.7770, -1184.8445, 3.1259,  -61.6960, -1196.8572, 3.1259,  150, 100, 0
L -61.6960, -1196.8572, 3.1259,  -61.3110, -1201.4977, 3.1259,  150, 100, 0
L -61.3110, -1201.4977, 3.1259,  -57.9253, -1205.8571, 3.1259,  150, 100, 0
L -57.9253, -1205.8571, 3.1259,  -56.5427, -1208.4706, 3.1259,  150, 100, 0
L -114.2552, -1183.2454, 3.1259,  -112.7426, -1177.6250, 3.1259,  150, 100, 0
L -112.7426, -1177.6250, 3.1259,  -110.1179, -1172.3539, 3.1259,  150, 100, 0
L -110.1179, -1172.3539, 3.1259,  -106.6872, -1166.9103, 3.1259,  150, 100, 0
L -106.6872, -1166.9103, 3.1259,  -108.8970, -1162.1648, 3.1259,  150, 100, 0
L -108.8970, -1162.1648, 3.1259,  -109.8272, -1149.5945, 3.1259,  150, 100, 0
L -109.8272, -1149.5945, 3.1259,  -106.4912, -1144.7842, 3.1259,  150, 100, 0
L -166.2182, -517.2509, 3.1259,  -164.6488, -506.9658, 3.1259,  150, 100, 0
L -164.6488, -506.9658, 3.1259,  -161.2495, -497.8442, 3.1259,  150, 100, 0
L -161.2495, -497.8442, 3.1259,  -157.2923, -491.2355, 3.1259,  150, 100, 0
L -157.2923, -491.2355, 3.1259,  -148.3833, -483.6363, 3.1259,  150, 100, 0
L -148.3833, -483.6363, 3.1259,  -149.4927, -480.5837, 3.1259,  150, 100, 0
L -149.4927, -480.5837, 3.1259,  -152.2308, -469.3320, 3.1259,  150, 100, 0
L -152.2308, -469.3320, 3.1259,  -153.7910, -462.1618, 3.1259,  150, 100, 0
L -153.7910, -462.1618, 3.1259,  -160.3334, -446.2216, 3.1259,  150, 100, 0
L -160.3334, -446.2216, 3.1259,  -164.5000, -436.5534, 3.1259,  150, 100, 0
L -164.5000, -436.5534, 3.1259,  -165.2472, -426.1265, 3.1259,  150, 100, 0
L -165.2472, -426.1265, 3.1259,  -162.8197, -418.3095, 3.1259,  150, 100, 0
L -162.8197, -418.3095, 3.1259,  -154.7142, -413.3100, 3.1259,  150, 100, 0
L -154.7142, -413.3100, 3.1259,  -153.2587, -403.9463, 3.1259,  150, 100, 0
L 499.4345, -289.9254, 0.6260,  499.4375, -367.8342, 0.6260,  64, 64, 64
L 499.4375, -238.8661, 0.6260,  499.4375, -291.9005, 0.6260,  64, 64, 64
L 499.4375, -332.7484, 0.6260,  499.4375, -799.6457, 0.6260,  64, 64, 64
L 499.4375, -799.6457, 0.6260,  499.6263, -800.1562, 0.6260,  64, 64, 64
L 499.6263, -800.1562, 0.6260,  500.8920, -800.6240, 0.6260,  64, 64, 64
L 500.8920, -800.6240, 0.6260,  1099.1875, -800.6150, 0.6260,  64, 64, 64
L 1099.1875, -800.6150, 0.6260,  1099.1874, -873.2557, 0.6260,  64, 64, 64
L -1099.1874, -1103.8594, 0.6260,  -1099.1875, -800.6240, 0.6260,  64, 64, 64
L -1099.1875, -800.6240, 0.6260,  -699.8495, -800.6240, 0.6260,  64, 64, 64
L -699.8495, -800.6240, 0.6260,  -699.3102, -799.7308, 0.6260,  64, 64, 64
L -699.3102, -799.7308, 0.6260,  -699.3437, -197.5157, 0.6260,  64, 64, 64
L 321.8836, 84.4904, 0.6260,  322.2500, 83.8937, 1.6259,  64, 64, 64
L 755.1716, 140.3000, -14.3739,  755.2934, 139.9337, -13.3740,  64, 64, 64
L 755.2997, 125.9604, -13.3740,  755.1714, 125.5747, -14.3740,  64, 64, 64
L 686.8060, 56.4846, -14.3737,  685.6577, 56.3436, -13.3740,  64, 64, 64
L 671.7794, 56.3436, -13.3740,  671.3630, 56.4825, -14.3499,  64, 64, 64
L 602.2639, 125.5747, -14.3740,  602.1249, 125.9985, -13.3740,  64, 64, 64
L 602.1249, 139.8765, -13.3740,  602.2662, 140.3002, -14.3740,  64, 64, 64
L 671.3560, 209.3899, -14.3740,  671.7350, 209.5164, -13.3740,  64, 64, 64
L 685.6577, 209.5312, -13.3740,  686.8040, 209.3903, -14.3740,  64, 64, 64
L -56.5521, -1207.6802, 3.7509,  -49.9956, -1226.5619, 3.7509,  150, 100, 0
L -49.9956, -1226.5619, 3.7509,  -46.5474, -1253.3416, 3.7509,  150, 100, 0
L -46.5474, -1253.3416, 3.7509,  -51.4670, -1300.8218, 3.7509,  150, 100, 0
L -51.4670, -1300.8218, 3.7509,  -55.1458, -1308.4601, 3.7509,  150, 100, 0
L -55.1458, -1308.4601, 3.7509,  -55.9536, -1322.7842, 3.7509,  150, 100, 0
L -55.9536, -1322.7842, 3.7509,  -49.5020, -1353.1769, 3.7509,  150, 100, 0
L -49.5020, -1353.1769, 3.7509,  -41.9288, -1370.6598, 3.7509,  150, 100, 0
L -41.9288, -1370.6598, 3.7509,  -49.9819, -1383.3589, 3.7509,  150, 100, 0
L -49.9819, -1383.3589, 3.7509,  -61.1647, -1396.2592, 3.7509,  150, 100, 0
L -99.6356, -1138.7433, 3.7509,  -101.6209, -1125.6558, 3.7509,  150, 100, 0
L -101.6209, -1125.6558, 3.7509,  -103.6847, -1092.6133, 3.7509,  150, 100, 0
L -103.6847, -1092.6133, 3.7509,  -113.8900, -1059.9646, 3.7509,  150, 100, 0
L -113.8900, -1059.9646, 3.7509,  -116.6889, -1041.8185, 3.7509,  150, 100, 0
L -116.6889, -1041.8185, 3.7509,  -106.4621, -1025.3179, 3.7509,  150, 100, 0
L -106.4621, -1025.3179, 3.7509,  -109.9300, -1013.3170, 3.7509,  150, 100, 0
L -109.9300, -1013.3170, 3.7509,  -113.9783, -985.9568, 3.7509,  150, 100, 0
L -113.9783, -985.9568, 3.7509,  -109.4296, -962.2851, 3.7509,  150, 100, 0
L -109.4296, -962.2851, 3.7509,  -107.9754, -940.9695, 3.7509,  150, 100, 0
L -107.9754, -940.9695, 3.7509,  -104.1257, -927.3064, 3.7509,  150, 100, 0
L -104.1257, -927.3064, 3.7509,  -107.6990, -911.6497, 3.7509,  150, 100, 0
L -107.6990, -911.6497, 3.7509,  -116.2327, -845.1422, 3.7509,  150, 100, 0
L -116.2327, -845.1422, 3.7509,  -114.2300, -829.9206, 3.7509,  150, 100, 0
L -114.2300, -829.9206, 3.7509,  -115.1491, -813.4297, 3.7509,  150, 100, 0
L -115.1491, -813.4297, 3.7509,  -115.2844, -793.1216, 3.7509,  150, 100, 0
L -115.2844, -793.1216, 3.7509,  -148.1651, -791.5349, 3.7509,  150, 100, 0
L -148.1651, -791.5349, 3.7509,  -157.3091, -782.4120, 3.7509,  150, 100, 0
L -157.3091, -782.4120, 3.7509,  -161.9596, -765.8641, 3.7509,  150, 100, 0
L -161.9596, -765.8641, 3.7509,  -166.9475, -759.2732, 3.7509,  150, 100, 0
L -166.9475, -759.2732, 3.7509,  -164.8028, -729.8431, 3.7509,  150, 100, 0
L -164.8028, -729.8431, 3.7509,  -156.1094, -692.5483, 3.7509,  150, 100, 0
L -156.1094, -692.5483, 3.7509,  -156.1321, -650.5638, 3.7509,  150, 100, 0
L -156.1321, -650.5638, 3.7509,  -164.4561, -618.8663, 3.7509,  150, 100, 0
L -164.4561, -618.8663, 3.7509,  -151.2879, -598.8199, 3.7509,  150, 100, 0
L -151.2879, -598.8199, 3.7509,  -165.2158, -561.5992, 3.7509,  150, 100, 0
L -165.2158, -561.5992, 3.7509,  -166.1533, -542.5040, 3.7509,  150, 100, 0
L -166.1533, -542.5040, 3.7509,  -165.1148, -530.3194, 3.7509,  150, 100, 0
L -165.1148, -530.3194, 3.7509,  -166.2182, -517.2509, 3.7509,  150, 100, 0
L -103.1449, -525.2613, 3.7509,  -92.7039, -558.4456, 3.7509,  150, 100, 0
L -92.7039, -558.4456, 3.7509,  -96.3465, -612.6830, 3.7509,  150, 100, 0
L -96.3465, -612.6830, 3.7509,  -98.9739, -627.8975, 3.7509,  150, 100, 0
L -98.9739, -627.8975, 3.7509,  -100.3074, -639.1210, 3.7509,  150, 100, 0
L -100.3074, -639.1210, 3.7509,  -102.1573, -688.3448, 3.7509,  150, 100, 0
L -102.1573, -688.3448, 3.7509,  -104.6097, -702.6031, 3.7509,  150, 100, 0
L -104.6097, -702.6031, 3.7509,  -102.8700, -717.7559, 3.7509,  150, 100, 0
L -102.8700, -717.7559, 3.7509,  -92.9985, -742.5516, 3.7509,  150, 100, 0
L -92.9985, -742.5516, 3.7509,  -92.8824, -750.8582, 3.7509,  150, 100, 0
L -92.8824, -750.8582, 3.7509,  -94.6162, -771.8115, 3.7509,  150, 100, 0
L -94.6162, -771.8115, 3.7509,  -91.3567, -790.7961, 3.7509,  150, 100, 0
L -91.3567, -790.7961, 3.7509,  -58.8860, -806.1263, 3.7509,  150, 100, 0
L -58.8860, -806.1263, 3.7509,  -52.3470, -817.4899, 3.7509,  150, 100, 0
L -52.3470, -817.4899, 3.7509,  -43.4746, -843.2710, 3.7509,  150, 100, 0
L -43.4746, -843.2710, 3.7509,  -43.7826, -867.4745, 3.7509,  150, 100, 0
L -43.7826, -867.4745, 3.7509,  -46.4442, -891.6280, 3.7509,  150, 100, 0
L -46.4442, -891.6280, 3.7509,  -54.7449, -906.6486, 3.7509,  150, 100, 0
L -54.7449, -906.6486, 3.7509,  -60.7336, -922.3365, 3.7509,  150, 100, 0
L -60.7336, -922.3365, 3.7509,  -48.6794, -958.8971, 3.7509,  150, 100, 0
L -48.6794, -958.8971, 3.7509,  -45.4724, -975.3762, 3.7509,  150, 100, 0
L -45.4724, -975.3762, 3.7509,  -56.9956, -998.9894, 3.7509,  150, 100, 0
L -56.9956, -998.9894, 3.7509,  -51.9920, -1021.6250, 3.7509,  150, 100, 0
L -51.9920, -1021.6250, 3.7509,  -43.8552, -1041.9594, 3.7509,  150, 100, 0
L -43.8552, -1041.9594, 3.7509,  -46.7453, -1059.1581, 3.7509,  150, 100, 0
L -46.7453, -1059.1581, 3.7509,  -43.9808, -1074.2162, 3.7509,  150, 100, 0
L -43.9808, -1074.2162, 3.7509,  -46.6066, -1092.7721, 3.7509,  150, 100, 0
L -46.6066, -1092.7721, 3.7509,  -60.5683, -1114.4845, 3.7509,  150, 100, 0
L -60.5683, -1114.4845, 3.7509,  -59.3247, -1131.3008, 3.7509,  150, 100, 0
L -59.3247, -1131.3008, 3.7509,  -49.3464, -1159.7378, 3.7509,  150, 100, 0
L -52.7706, -1149.9794, 3.7509,  -51.1340, -1154.9789, 3.7509,  150, 100, 0
L -99.6356, -1138.7433, 3.7509,  -106.4912, -1144.7842, 3.7509,  150, 100, 0
L -1099.1874, -1393.7072, 0.6260,  1099.1875, -1387.5425, 0.6260,  255, 0, 255
P -59.7918, -1331.7234, 0.6260,  0, 127, 0,  3,  to_Qeynos_Hills
